8.099773
0.5952323
0.8760534
1.159073
1.267294
3.42325
1.244143
8.304801
6.1167
2.329712
0.5597059
1.539054
0.2219154
5.440088
0.1975954
0.4678384
2.082575
1.611073
4.462966
0.2652017
3.585138
0.2638332
2.301308
2.244824
0.8617419
0.4554795
1.627409
4.075623
0.6242415
6.913853
2.068811
0.7764589
1.87866
1.651164
0.5903874
4.331437
3.386935
2.47844
7.491597
0.5539235
6.049409
2.140285
0.9605873
14.30286
0.272853
0.4057889
1.725314
1.902697
0.3354723
8.75926
0.292585
1.650193
0.9820552
1.233061
0.6994496
0.5071999
0.2277413
1.9081
16.75553
0.4402383
0.9627535
1.39452
2.413657
0.2219183
0.8124805
2.436232
1.264393
3.358809
6.039329
2.415167
7.533761
0.6800834
2.368885
2.645975
2.453761
4.284658
1.931626
0.7639769
3.124835
7.512184
0.9731725
4.109205
4.34004
1.997596
4.697605
0.420829
1.177319
1.438849
5.540257
2.571713
1.651601
1.957483
0.9588491
1.213108
0.729608
0.6924126
0.2651762
0.4992425
1.627525
4.518231
5.112848
0.3903081
0.8036253
1.535925
0.4958709
0.9180108
9.725217
2.149385
0.8084123
3.486488
0.5750981
0.6448221
4.835485
0.3072023
2.543919
5.190653
1.499835
3.362732
1.648624
2.181902
5.435102
1.69858
3.1156
0.5672768
0.7167828
5.14912
0.8090109
1.681239
5.986789
3.382096
7.249124
3.006848
0.5437687
4.892794
0.5968883
0.9281578
2.222015
1.483727
1.808288
0.7168943
2.077611
1.974218
1.566116
1.645922
2.358663
2.234833
0.7531812
0.3457689
1.600816
1.49575
0.4636273
0.8537902
12.73527
1.668142
0.9081941
1.041094
1.140488
7.498353
24.02523
2.039766
3.159958
1.901267
2.109034
2.464206
1.322819
1.359819
2.433665
2.873376
36.74547
1.589093
0.9980061
2.766348
2.29869
0.4808526
1.352588
0.5144374
2.909107
5.151867
1.354424
2.493491
0.5162269
2.001874
7.075348
1.51791
1.44198
15.05441
0.9618014
6.802067
2.420109
5.646273
0.503562
0.5737997
2.575492
0.4605098
2.375363
1.357301
1.190561
1.342386
4.154158
1.35162
2.440101
1.351229
1.591256
0.3085967
5.713875
1.894507
2.039602
1.03402
1.303667
6.019044
1.044669
11.45774
2.766692
0.7193823
1.308384
0.8864293
6.884321
1.604854
6.906373
4.422154
1.45371
2.037358
0.8253302
0.6497323
5.741636
0.4507732
4.124293
0.2967006
3.955791
5.003865
12.16638
0.6665771
1.51219
1.855568
0.9050562
0.6830879
1.112312
2.374286
1.322932
0.9330686
2.402817
2.657508
3.413249
3.262949
5.997894
1.264264
0.84218
1.34747
0.4361179
1.43878
1.809518
0.5366085
0.8986053
1.357893
0.8396427
0.856927
9.3605
0.7378074
3.305397
0.6343877
1.674593
1.022753
4.235655
2.279035
1.666857
0.6658362
1.802028
4.453777
0.4814836
5.016452
1.003577
2.303773
2.530931
7.137901
1.222695
2.633289
1.038623
0.7231674
4.228614
0.2575626
7.595075
1.222219
1.250317
0.2447502
0.8995583
0.8666684
4.629921
0.8171407
1.730006
3.227284
1.384821
0.08671348
0.3125552
5.618527
0.8421411
6.233348
1.240366
3.482947
1.699058
1.508353
4.251039
1.980316
4.609268
3.009032
3.06083
20.66449
3.120635
1.670449
3.322371
0.4853899
6.301808
2.082769
2.581928
3.02913
5.057945
1.835179
9.790953
0.2035828
1.747711
1.370938
1.964064
4.000866
2.61198
3.007364
2.279384
1.843296
0.8148919
3.704414
0.4328147
1.299627
6.557113
8.685961
0.3940609
0.61457
6.30987
3.464547
3.659413
1.053857
1.420344
2.136684
0.9114368
1.139349
0.5373839
1.166946
0.8014676
8.678787
0.1319349
2.3068
1.791493
13.74988
2.891787
2.44247
4.616484
6.288497
0.8142979
1.783537
6.350434
0.6582435
1.85615
5.416588
5.925705
2.27433
1.344619
4.800563
1.633897
2.348569
2.338985
2.323717
0.403074
0.4535611
1.888862
1.379621
0.9143221
0.2505903
5.254037
2.8793
2.062505
3.140927
6.54729
2.384495
2.421708
2.930561
2.134997
2.090581
1.060367
0.5879436
0.4812
2.342673
1.784028
0.272483
1.609385
0.759165
0.7823777
1.497775
0.7104332
1.940162
1.398143
1.669194
2.065984
0.191183
1.25348
1.504454
0.9700993
2.8849
2.807207
5.502004
21.37843
0.3277227
0.4764341
0.5903194
1.10523
0.965422
1.634265
4.186815
1.13107
5.708425
0.8364818
10.1204
2.759242
3.148781
1.731938
0.3312847
2.589395
4.626212
0.9272519
3.139505
0.6687381
11.43951
2.461856
1.213984
3.626647
0.9644935
0.9309121
2.167461
3.878291
2.566308
12.03094
3.166761
1.673529
1.991706
1.707571
1.366066
6.920574
26.53838
6.928511
0.4387938
5.990276
1.652673
6.071881
3.441269
1.404282
0.9355195
1.773658
6.00586
9.00912
2.740619
0.695643
1.316206
1.586941
2.273952
2.206472
1.010543
0.8197097
2.054446
0.3754419
1.014527
2.416854
0.3409349
0.3333938
0.6055016
6.108094
4.476108
4.296782
7.386378
1.824211
2.34595
2.890948
0.811673
0.7197324
1.411721
1.114969
1.223812
1.057812
1.193525
6.641897
10.06129
10.53248
0.5674081
0.2144648
0.5780758
2.66828
0.287836
0.7108024
0.5281152
2.189162
2.304267
3.133742
0.8732681
2.839363
3.51149
1.656211
0.4028099
1.35927
0.914643
1.235956
0.9572757
0.3678659
2.463827
1.50923
0.2513274
3.153702
1.774713
0.6656788
6.678024
0.6993837
4.069418
3.186261
12.40524
2.955795
1.592629
0.2335288
25.52887
3.467283
0.3558726
1.721118
5.645063
6.675535
3.106677
0.1670522
6.658318
1.972919
1.01575
1.314484
2.723405
0.6496871
0.6946567
0.7205691
1.288389
1.268627
1.443325
1.501685
6.874764
0.3133333
1.335236
6.902774
1.81674
1.451578
0.4882312
1.160054
0.9425233
4.179801
6.788667
1.421635
3.032113
7.284731
0.9936079
0.4817692
3.34003
5.734306
2.004966
1.711585
0.9665208
10.90587
0.4934738
2.389989
2.377389
4.040381
6.079321
6.188011
15.23225
0.4072422
8.23374
0.3409713
0.638808
8.363251
2.668533
0.5457717
1.450267
1.959351
0.6778001
0.5068527
7.352273
1.146066
2.050599
2.830325
1.515186
1.279285
3.005873
1.661449
0.6617924
1.863608
0.2257989
2.123623
2.853345
5.141654
5.194693
5.332939
1.059322
3.270282
7.328896
2.277562
2.401379
5.804563
1.59713
5.500474
3.368066
1.478883
2.700155
2.648445
1.300059
2.338374
1.16058
1.706526
0.7890137
3.714027
1.911208
4.274768
2.941742
0.9677108
1.799525
0.8225997
1.452499
2.191136
0.707881
19.48304
1.67595
20.87127
1.111118
0.4114371
0.1454824
4.808772
0.4745077
0.6268523
5.589235
2.558438
3.980179
1.489728
7.597358
6.212135
4.574163
2.289342
2.083471
0.6170384
2.277014
0.7334252
6.249064
0.8559467
0.6555502
0.5807348
6.923478
5.27265
2.298
3.414307
1.156024
2.516978
1.160538
6.930535
2.231871
2.604998
0.2130901
24.66275
0.5330737
1.258388
0.3522813
7.022478
11.5249
0.3252967
1.77431
1.80536
0.4440079
4.22277
1.284975
7.170585
0.2091744
1.345782
0.2960702
0.6097792
8.862889
0.4740516
2.9855
7.154733
0.6214996
10.51631
9.58889
0.1105815
0.08285014
0.2879524
0.5821617
5.60097
1.013648
9.510354
1.038449
1.486977
1.639877
0.1284248
2.522781
5.398481
0.8451615
3.888349
1.80129
3.141026
3.838959
1.092932
0.8202246
1.543443
0.2664079
2.150392
0.9604038
1.163888
1.585655
3.38972
2.343783
0.1800132
1.08288
0.2953731
14.16763
0.7584164
4.298415
0.5382041
0.4393024
1.80105
5.824397
4.517761
1.89543
0.156639
1.816534
2.004827
1.77788
4.444954
4.684113
2.70901
15.74677
5.157545
3.031725
0.1807512
0.1907494
0.9191777
1.175928
0.3623762
10.02571
5.886477
1.432696
6.150399
6.942484
0.8915613
0.3805546
4.780012
0.4246542
5.860289
2.570339
1.655367
1.261661
0.9995118
1.077215
1.342526
4.446349
2.423549
6.460838
1.36829
4.046028
2.002741
2.190563
5.135765
2.928031
0.9932367
0.3430647
1.082814
0.8233175
1.036327
0.8302377
1.874865
0.6433877
0.6463725
0.8348213
6.644838
2.265678
1.846267
0.438036
1.746081
2.60274
1.746555
0.5023572
2.785878
8.254076
0.8850144
1.161913
2.039546
2.245099
1.953064
32.41757
1.313062
0.5720316
0.5053455
1.621841
4.448332
7.09403
1.228866
1.163234
0.9093683
1.623587
10.77495
2.696089
8.346587
3.050704
7.610104
4.616143
1.72412
25.07908
3.918782
1.744082
13.10284
4.214917
0.6859515
1.336615
4.639101
2.483844
13.01824
1.500194
4.217074
2.258868
0.7386535
2.449843
1.145537
0.8009994
1.015925
3.447519
2.247406
0.8907931
1.666801
2.736409
4.044085
1.559031
2.206168
3.539232
3.566724
2.029927
1.021905
1.183819
4.36644
4.125491
2.04678
2.226335
1.592573
0.5568735
0.4895358
4.184684
13.17687
1.781201
2.218783
1.872077
4.340174
0.7113466
0.7896307
3.472976
1.920746
6.002217
2.562411
0.302417
8.087251
2.99335
0.5392381
1.132583
0.8728852
1.780778
0.3079754
0.7818539
4.148534
4.632128
2.43949
3.921325
4.717721
1.29506
1.16758
0.4041763
1.244964
7.796724
1.395125
0.8693912
0.9015795
8.518722
14.76989
0.6938359
4.929071
1.436346
1.514839
0.4733676
0.4883468
11.19397
0.405048
0.9203759
0.4435517
3.963316
1.77055
0.7878899
0.9154257
0.5206619
0.9443541
3.750919
4.63
3.466554
2.17773
2.758936
5.247336
2.027178
3.210306
3.358679
2.614394
4.482201
2.102541
1.999077
0.790195
2.446074
5.841792
1.592302
0.7595711
1.180674
2.553725
5.967289
2.304095
1.453818
7.860455
7.599264
1.780291
7.138936
0.9013522
3.154129
0.3667917
0.5618991
5.627346
0.5401298
1.040663
8.361645
0.9833941
1.524634
0.240956
1.411043
5.093669
0.7526892
2.149818
0.8271593
2.903816
3.200984
4.457471
1.589997
1.183238
0.2984565
6.069804
3.485764
5.449339
8.791235
0.6690015
7.09652
1.330444
2.87996
2.982249
5.571546
1.214143
0.2677294
0.8905891
0.6697442
1.364466
11.92124
12.61317
15.47863
2.863219
1.663361
5.624018
8.103062
0.7934868
0.6453076
0.2125699
3.211563
0.2758352
0.7098703
6.368709
1.988093
1.024705
0.4636402
1.627195
1.258565
22.82251
5.506456
3.442802
3.140401
3.047239
2.960766
1.711463
0.902354
11.70547
3.697457
0.2309296
5.71444
2.497627
3.84307
2.969844
1.118026
8.904234
2.352281
1.886087
0.4131633
2.126938
4.387962
1.595694
4.956585
3.70244
0.1628889
1.189805
1.185218
1.848021
0.3781568
1.660491
4.816715
2.567802
1.882036
0.6689468
0.5464685
4.199894
3.432695
0.9581416
1.776017
0.6843576
6.879784
0.2756899
0.5207973
3.96419
1.263663
2.222141
11.52071
0.7898012
0.7493601
1.814395
3.820033
1.274058
4.052467
2.894629
1.334675
1.39722
2.067202
4.92846
4.539259
2.274618
0.6596126
1.419595
1.11642
2.138804
0.3215015
0.985064
2.346669
0.8620734
0.1482563
3.122252
9.462623
1.811616
0.2996292
1.845596
0.3925391
1.831786
1.719608
12.70052
1.01235
4.32883
2.832375
2.297876
1.094835
3.579773
3.738044
10.43781
1.847315
0.459751
1.966264
4.125941
1.970942
1.586376
6.133486
11.85517
2.833509
2.054008
1.63361
0.7584853
2.865141
2.075875
8.804215
0.3748499
0.3906221
3.301662
12.85235
2.695754
0.6584295
3.196738
0.7709336
1.327402
2.891723
0.4119684
5.879032
0.943888
3.610544
1.345012
1.979632
1.443582
0.6414361
2.006792
1.293471
0.2786839
2.532723
2.472896
7.780055
1.261942
1.002334
17.94007
1.719915
1.252875
4.215972
3.733415
1.189896
0.5188245
4.21453
0.7237136
1.120116
0.3092261
7.573457
2.461247
0.5951173
0.682365
0.6935284
5.268923
2.882308
3.049782
0.5363516
1.863785
0.90296
3.942606
1.23611
2.343348
1.245638
58.72305
3.877181
2.276746
16.16546
4.966066
7.707398
1.202414
3.566401
20.13682
3.041333
0.2653123
1.77817
17.79607
0.3037958
1.655048
0.4381412
8.560888
1.754174
7.920946
6.545639
2.010629
0.8097485
0.6798748
0.4371575
5.650909
4.238115
1.893879
1.393803
1.186009
1.303656
0.6158053
15.16103
2.169749
0.3766068
0.3362537
1.067999
2.695757
0.4025614
1.653698
11.59347
9.996744
1.048297
4.408558
1.520975
2.946015
10.43572
6.031826
1.595926
5.67192
5.648816
0.9970584
0.3480742
1.79553
11.34234
1.709488
4.852642
2.337864
5.275406
4.534899
0.2706247
4.042408
4.229087
0.5440988
0.461212
0.3684582
1.272701
1.949218
2.20185
7.34269
1.009098
1.821037
2.41207
3.037757
0.7328264
2.610947
0.7573729
2.492235
5.718892
0.3786971
1.075073
2.126213
0.7531045
8.453402
0.4426915
4.737693
0.4675083
0.2803276
6.807318
4.136216
2.009424
3.21668
2.543307
25.21298
2.63517
0.9796318
3.137893
4.832963
4.036339
2.468174
2.087382
0.8545036
0.1257383
0.6351144
1.355237
3.293795
3.192521
4.308157
0.7859817
6.805119
1.999289
3.143855
8.1142
0.6866921
1.480726
1.472077
0.7029675
2.658622
1.490793
0.7394863
0.3796689
0.7510532
0.7889615
0.5443167
2.398412
2.920436
0.4227298
1.065031
0.6817925
0.9154817
2.123402
0.383154
1.406779
3.50729
0.4838473
3.617068
1.160775
6.496366
7.651856
1.103767
3.74811
12.02035
1.456809
2.112256
2.43371
1.45716
6.028571
3.053766
2.039249
4.138993
6.564156
2.095348
1.44463
1.923306
0.6008163
0.4484448
1.565438
1.167663
2.544166
0.5779302
1.686198
2.623705
3.684554
0.6994327
1.765246
3.430801
1.868768
3.741607
11.4966
0.6132842
3.224299
0.668654
3.567827
3.293843
1.664862
8.245892
1.687249
9.965515
1.893934
0.6147487
2.283336
0.8562436
3.456757
5.915433
1.945023
10.48373
7.067608
4.475026
0.9299501
1.287113
0.5052724
3.845499
1.64654
0.30184
1.240975
5.848321
1.624072
2.051256
12.23924
0.5880564
2.75245
8.748247
2.859318
0.6797367
4.90455
2.296578
0.8330375
0.5576115
1.413541
5.934232
1.475977
0.7563341
2.229108
0.6254205
2.451773
5.631769
2.800908
2.131299
1.108182
2.382992
0.8977038
2.919654
1.438611
5.417312
11.64726
3.881872
1.742996
1.37529
7.713657
2.509854
1.18229
5.40757
12.60051
11.52513
2.402486
1.124068
5.686103
1.135472
1.986819
4.165085
1.176232
1.11474
5.41237
5.253126
0.7867983
9.220211
1.398007
0.8432077
0.2918797
1.351076
0.2825985
0.7318548
1.441622
1.724755
9.076464
1.572365
6.927081
1.362531
3.358274
2.260228
3.829518
0.7890985
2.492647
1.288309
0.7001214
2.512295
1.305626
4.449777
6.927159
3.30424
2.831949
0.984477
4.577479
3.562204
2.637377
0.7966535
2.345888
0.9382712
0.7950331
2.919945
1.800782
0.958396
1.724097
1.286097
0.3277946
0.2843433
4.48647
1.07021
0.2226441
0.7709869
1.339929
1.674011
0.7445098
19.0544
0.8907747
0.890314
2.519196
0.993958
3.474074
2.670874
0.4898639
1.864125
2.159964
1.109588
1.512326
0.9028428
0.7832688
5.676307
15.53722
1.523321
0.3515206
3.042752
1.779824
1.589
0.5211117
7.182156
2.575958
2.991984
2.104397
0.604853
7.702251
1.038074
3.18083
3.276499
0.4277365
6.8303
4.895918
22.88845
4.774016
6.672634
1.356534
2.749451
2.205952
2.659752
0.3621735
0.9215596
0.9999453
0.7987401
0.8753659
0.7101565
0.9897787
0.5789871
2.202194
4.82948
3.252695
1.711552
3.205773
5.126115
0.6685546
3.890295
4.602266
3.648787
1.638519
1.517181
1.148473
0.6676185
0.8801328
2.063151
1.756951
0.2472573
0.5147454
1.128769
2.13534
3.719772
0.3036777
0.5371219
1.538355
9.989421
4.832746
5.172366
1.621233
9.64619
3.271767
3.638919
0.4672035
6.015598
1.93973
0.9253075
15.07152
2.536422
12.47629
2.124006
0.2863528
1.101304
3.892396
2.760586
2.197121
2.803836
0.5484718
2.512203
11.35405
2.572878
0.5705427
2.415559
0.6032194
3.880874
1.181645
8.795928
4.261547
0.8742731
0.8993354
3.916406
1.024224
1.97328
11.50423
2.802834
1.966569
4.239204
1.668726
2.40813
0.05409847
0.6046527
2.027827
1.112146
0.5610088
1.053868
0.8012398
0.2982101
6.263518
0.1026972
2.026166
0.6636649
0.9986866
6.192274
0.6257259
0.7896245
1.993109
1.445996
1.713875
3.009726
0.9552739
1.199525
12.11516
1.698099
1.062245
12.66738
7.593487
0.6389364
1.060102
3.398334
0.2140557
1.451405
1.479905
1.4515
0.6419647
0.7878325
2.867516
0.8312329
1.512581
1.662781
5.064541
1.349687
0.1481832
13.07651
1.656346
0.5983711
4.07763
0.545636
0.6716105
0.3637921
17.46644
1.087411
0.8547401
0.3976181
1.223128
5.042321
5.266256
6.03121
0.6171133
4.255515
5.236387
2.763985
10.60802
3.016682
0.5572879
1.066279
16.81548
1.234004
9.201206
3.741763
0.4673716
1.337534
2.676253
10.60202
0.5935554
6.073856
6.204447
1.87429
2.539343
0.4441991
2.156136
10.10277
1.378485
1.227341
1.449729
0.5047794
1.223714
4.253767
37.30958
3.090156
2.694523
2.231111
0.273583
7.692809
4.21733
0.6794592
1.359377
2.328452
6.275546
2.701235
0.5114573
3.800577
0.5422214
2.411982
2.827621
0.7375262
0.6998495
0.46394
0.5152424
2.235598
20.30243
4.79266
1.686589
0.1652866
0.8840261
1.652716
4.003493
5.639374
6.069353
3.574136
1.770414
0.7082223
0.8177605
0.5715023
2.100573
4.294625
2.530675
0.3769949
0.7995573
3.340244
0.9650172
2.223939
1.634295
1.621111
1.727504
0.5627757
1.846764
1.046838
1.016824
0.2767409
1.647331
0.8743132
4.960903
1.566585
0.3918614
5.17444
4.099887
1.116097
0.6478838
0.7001226
2.584968
0.5847138
0.4599112
0.9962275
3.263919
0.4751099
1.60297
1.710187
7.030404
1.166009
2.083458
9.970759
0.6727544
1.858577
2.370105
0.6549297
4.100027
1.395952
0.6528071
2.841019
2.004458
1.39056
1.196983
4.676181
2.839284
1.00832
1.673383
1.294311
5.813981
1.855425
10.1964
2.271795
1.991023
0.5864905
5.558645
0.1517621
2.384237
0.4335533
0.5461633
11.57405
3.479388
3.811321
8.897329
3.614602
0.3851655
0.788845
4.644224
8.012032
6.349259
1.730146
9.945494
1.224203
0.745495
0.8246732
1.270604
1.718704
4.166858
0.7834084
1.270101
0.8938972
0.9987269
6.324388
2.822689
3.777002
3.472314
0.8857431
4.382245
0.7791639
0.2147748
7.412828
5.555573
0.6639416
6.301002
2.974325
0.6862607
17.47254
1.242134
4.956928
11.34349
0.8334999
5.860611
0.8864817
2.149583
1.24781
0.7379423
0.9194161
0.6421155
0.2488143
1.083928
2.872067
2.626655
1.153817
1.200398
1.82029
1.203691
0.2647606
0.5548445
0.1722176
0.6353835
3.333754
0.6806645
1.664001
0.7658122
0.200849
1.17251
1.618853
3.036537
1.869109
4.697984
0.2631113
3.678139
1.331121
1.330295
1.107356
0.3917763
3.063155
1.983977
3.381203
6.422825
0.4046624
1.632483
3.508643
0.5282016
2.256337
1.139134
6.231168
1.289503
0.8542658
1.507497
0.4251928
0.5241756
2.798415
1.534421
2.783931
6.119785
5.304741
2.375274
1.587061
1.809411
3.159128
0.6609002
2.454555
3.954918
1.42677
1.083447
0.6074851
1.916902
3.620172
2.686951
0.66039
1.410456
0.5766507
2.998521
2.227394
0.4997782
3.023078
1.918573
2.81543
1.366703
2.217382
2.09796
2.497385
1.796588
2.042205
1.490947
2.343389
1.395783
2.286744
1.012157
5.60034
3.052534
1.126794
1.62972
1.53788
2.108618
0.09207991
2.48721
1.291528
1.822123
1.484988
2.587304
7.913543
1.670757
13.65711
2.763478
1.744102
2.238975
0.4832325
2.165974
0.6251277
0.6990462
22.77311
1.219175
8.367288
1.851236
10.17857
3.054029
0.5883747
1.648073
6.358049
0.797467
0.4748632
0.434564
0.3204439
2.986419
2.232115
0.2653423
0.2541236
4.475813
5.335901
2.305561
0.9668329
1.207044
14.92242
1.577296
2.304176
7.715313
4.270368
0.4317258
0.697318
2.155359
0.532488
0.8562839
7.136338
4.687869
1.181047
7.374401
20.30267
0.3349057
0.4423947
0.9481813
0.7288699
0.6694902
2.121719
11.7824
1.830217
1.082461
1.341013
4.499629
1.961141
4.303221
1.057731
0.6279457
1.641828
0.7714912
0.4704946
0.8998516
2.95458
7.688947
1.849495
1.342292
1.726254
1.036941
2.711163
2.423824
0.5998832
2.080861
2.96555
6.2203
0.963611
4.196047
3.218657
0.8245262
0.3722482
2.111247
0.816386
3.13851
6.415346
6.915625
6.836981
1.612401
0.8428275
0.9794855
1.451657
2.146797
1.341325
5.105929
1.001497
4.015369
7.029012
12.41033
1.868664
0.2741184
4.486095
2.600854
0.532381
2.827383
0.593207
2.296328
2.481157
0.8438239
3.16432
0.4584864
1.561847
1.901622
0.6722238
2.628948
1.569645
2.268224
0.9544497
8.045685
0.5833469
1.175575
1.623059
0.719747
0.1763994
2.043455
0.9952425
1.291286
2.093594
8.022341
2.336871
2.729865
1.453637
1.667159
2.243026
0.721259
0.4907241
1.820771
0.9885532
1.214132
4.39158
0.3420502
2.267926
16.10347
0.9244037
1.146582
5.374232
2.339129
6.590315
2.3372
5.295402
0.9096677
0.5098782
8.534813
2.213665
0.2056133
0.2443497
2.975049
0.6340872
0.9403572
0.5793543
5.382452
2.16716
0.9088489
0.4695634
0.06895481
2.361682
0.5850668
0.6941572
0.5840365
1.078253
0.3790969
3.446023
4.422601
4.59808
4.504594
1.403995
1.246297
1.74208
5.479125
1.797073
3.331088
0.1804792
1.931089
1.556271
1.853572
1.377126
18.67275
0.4004563
0.5257819
1.146317
0.6599723
8.212949
3.346096
2.531205
0.5742416
1.68462
1.323451
0.7440984
0.8207851
2.091596
0.5662296
1.453146
3.335821
0.4621648
3.897227
0.906114
2.070819
7.805842
2.609138
0.5439369
2.21367
1.411343
1.526606
0.7337207
0.6884429
4.437208
6.449701
0.362987
3.132574
2.708633
2.363465
3.297877
0.9513865
11.72523
4.25045
0.7177838
7.42299
6.013294
0.2678069
0.3807864
0.9633748
1.374922
0.4223227
7.316345
0.9120049
1.287432
0.5014396
0.4060996
0.7874023
0.4044962
1.434742
7.324883
0.9296599
13.13168
7.63975
6.323833
0.2536833
0.3449949
0.9785878
16.10486
0.699293
0.4749887
2.746619
4.448589
2.138792
0.8832061
2.224456
1.786858
1.829948
3.131643
1.521603
0.3328456
0.2341599
5.666661
2.31488
2.489399
1.754034
12.79192
5.242642
2.177655
1.766596
1.487164
0.6226256
2.163904
2.259184
1.60394
1.513575
0.3725793
2.837184
2.422593
1.447864
2.837363
4.492059
3.752397
0.7111726
6.902689
5.487044
0.3879449
0.2696408
4.572515
6.652368
2.642164
2.948579
0.3339079
18.28968
2.792291
3.522564
0.7864964
0.9337539
0.9903499
1.240018
0.7345197
1.550257
5.332021
0.6233423
0.3770469
1.125246
9.895254
2.650078
1.033729
0.8775867
0.7580818
2.104788
0.6685937
0.7708861
5.117101
2.721572
3.77063
2.414571
1.645445
2.863985
1.276454
0.4000477
0.4687922
0.7101657
1.821768
1.935164
0.1582378
0.6186446
2.035224
3.868008
1.122788
0.3739218
0.4998193
1.244274
1.181836
1.183482
3.907064
2.033139
6.521981
3.07324
0.7018215
3.204517
4.025626
1.683057
0.8064579
1.942619
0.9104938
3.886146
1.801729
1.188925
0.994419
2.108228
0.6450267
1.895988
3.817679
2.119395
1.25748
3.974473
3.947292
0.1899562
1.90882
1.601585
0.5117881
4.380708
0.8109836
5.637747
2.71965
4.519694
2.097174
1.699784
3.762121
1.640386
0.6589758
2.669046
2.729654
2.309195
0.4735548
0.08934961
1.051688
1.014376
2.20905
5.078937
1.995536
16.10955
1.883604
0.7459147
4.40174
12.35567
4.307064
8.507509
1.918262
3.07539
0.8050093
1.954615
0.5888699
14.84883
0.920072
4.543298
0.2433107
0.4828041
0.2647107
0.6779337
0.9686755
2.266819
0.522678
1.109052
1.810025
1.771253
6.186297
2.301219
0.801382
7.862971
3.845298
2.88842
0.8693146
3.209472
2.595331
0.8080926
1.454794
1.585579
0.5395039
5.084235
2.76005
3.097671
0.9108526
1.027753
7.793553
3.265898
1.625521
4.160749
4.48438
3.63295
10.66461
1.431626
1.78612
0.7661822
0.8815147
0.1189432
1.315453
0.8627885
8.894151
0.8131128
4.190787
0.5053408
0.6543512
1.278468
1.80242
0.4029353
2.902423
0.2274846
2.184693
6.757869
0.3806798
2.461808
1.115331
11.91605
3.001781
4.313698
2.366086
1.008692
5.774895
0.477691
2.662511
1.308048
2.587637
10.88642
4.407531
1.023671
5.011199
1.934009
2.779061
0.4282697
2.731223
0.5954151
0.4308851
1.17904
2.872249
4.943077
7.195694
4.313487
1.346929
5.044706
0.9651269
3.182062
0.8850914
0.6720604
2.874787
8.489448
2.904332
1.088011
5.154856
1.858188
0.3064479
1.34435
0.7205066
1.391091
7.990035
0.4578638
3.761085
5.407271
6.17491
0.2381001
2.551204
1.732454
2.486459
2.511453
0.3231452
0.8035087
0.7946874
2.114528
5.197301
4.023782
3.334175
0.8722096
1.850825
1.116188
6.967838
0.8802594
5.896986
2.511467
2.477088
5.624424
8.531202
1.053105
14.84698
0.8309716
1.06169
1.867105
3.663837
5.72519
4.695623
2.549169
0.9119062
1.69171
1.532805
2.295608
1.600444
0.5071062
3.142138
1.419819
2.367373
0.3595767
0.9375307
0.7811895
1.311865
26.0733
4.847385
2.417898
22.63413
4.117845
6.094478
1.248554
0.627569
5.993545
7.226992
1.417109
0.5017419
4.785722
0.6781039
1.448475
1.545764
11.64244
0.4248525
3.276629
1.148776
0.9358666
3.970571
3.224837
1.322696
0.8060209
13.3172
2.418285
1.148797
3.71293
5.067666
1.577377
5.471399
1.236377
2.725731
0.7940968
0.6960671
0.6778732
0.6485117
2.731105
2.876823
1.234848
2.488213
1.902178
0.8467283
3.477392
1.225623
2.699211
3.361008
1.061324
2.267971
0.2207644
1.376823
0.1574124
1.955862
0.09672729
1.188168
8.437172
0.2167843
0.7424482
1.565275
3.825557
8.781601
2.138725
1.307285
0.9018037
5.645715
2.036956
4.754605
0.7834199
2.906573
0.4082414
2.913973
1.518051
0.8717312
2.702323
1.521037
3.314639
2.450363
1.370383
8.894072
3.375039
4.285482
4.942806
5.673912
2.103966
1.204278
2.891441
4.104047
6.030443
1.424843
2.425577
0.7419678
7.647779
1.668139
2.679763
3.943307
0.809079
0.5107336
0.3829089
3.713238
0.6673888
1.046669
0.4854978
8.60032
2.131415
2.233366
1.397824
5.09908
2.083518
6.637187
0.7326619
1.444128
0.4709171
5.751617
4.028862
0.1104829
0.6545955
9.485881
2.175879
5.153893
3.610394
1.272943
0.8825309
20.51355
6.290896
3.530733
2.974295
4.522405
0.7845841
3.915939
2.362338
1.489664
4.91773
9.308806
0.6709265
6.265926
0.7641926
0.49033
4.206035
2.678919
0.8383149
1.224365
1.929978
7.88354
2.652272
0.5456786
3.487606
3.932336
7.007843
3.187719
3.946353
2.492907
1.330596
1.618315
1.034438
0.82093
0.5533075
1.05574
2.3949
4.197539
5.896327
7.40174
2.253703
2.54265
2.939498
0.4986248
3.56316
5.200854
0.2311108
4.221056
1.665412
8.08489
2.76585
1.783391
5.763821
5.423067
5.88483
6.851588
0.8107558
0.4394056
2.07314
7.135628
5.054492
1.247008
1.326096
2.568015
0.4238855
0.6106793
1.840156
1.383808
0.7938393
2.725391
0.6478818
1.24897
20.18093
2.691953
5.091926
8.118349
1.323564
1.047146
0.2049188
4.362285
1.977034
2.383796
2.724075
3.016109
0.5185321
0.7304981
4.153008
1.708473
2.626891
1.940093
3.187999
3.69825
5.819657
0.452586
0.7460296
1.809614
2.817369
1.499435
1.883749
0.7629243
0.8751266
1.088927
12.9402
3.162155
0.9177985
1.86333
0.669985
1.492227
12.27951
2.893781
4.815674
9.490461
0.864866
1.433306
0.9511059
8.824948
2.665233
2.302938
0.6875356
0.3876129
1.249752
15.2741
7.839248
0.5982457
5.369748
1.773847
0.7318517
1.241556
0.8256646
0.7501555
0.267218
0.7398242
0.5421104
1.534923
0.7977724
1.30327
1.903939
0.940639
14.24322
2.017281
3.009917
1.294733
5.298937
2.057465
0.5635026
0.6991801
10.58418
0.2633993
0.6436572
0.7898764
1.204798
8.812943
0.7349767
2.907847
1.871118
7.352368
3.143687
0.8897228
11.81406
0.7932401
1.401005
0.3367205
3.439198
8.214174
4.388241
2.175596
0.6369058
2.341619
2.521201
0.9733228
1.220782
1.609374
2.517895
0.648035
1.088913
3.015401
0.3697321
13.82582
1.618849
1.379181
6.319536
3.576078
2.423023
6.706288
2.461732
0.9464944
0.8235026
7.714979
2.72658
0.5154999
6.050351
0.996149
0.32431
5.006331
1.836825
0.1917084
1.078893
35.66377
3.006688
3.627065
3.921818
1.374486
3.549521
5.612997
1.56787
10.44293
3.365269
4.794537
1.22645
0.4748946
0.4368779
1.757264
1.598016
1.510082
2.787379
8.200349
1.433147
0.6858113
2.646204
13.16883
1.065029
4.212344
3.558821
2.152384
3.167306
4.009091
2.025627
0.4666006
3.953209
10.32173
1.170206
3.530912
3.560756
2.163127
0.7078059
8.916995
2.422518
2.311447
2.882318
0.460902
1.78015
0.4461871
9.420744
3.635894
4.203813
1.209549
4.431863
1.339134
1.363549
1.059756
8.156055
0.1799571
0.3374782
0.7789549
0.7266233
1.221124
1.425584
1.457693
0.2600655
4.478333
1.341549
12.68878
1.364297
2.604805
2.514585
0.255056
2.765981
2.573169
1.010411
5.045995
1.792766
0.6148617
0.7426375
0.6818219
1.743773
0.438326
3.734269
3.09433
1.214002
1.178089
2.024268
1.340461
1.471815
4.854727
0.5988343
11.46833
1.789879
0.3071855
1.534179
4.372937
1.269224
14.43233
2.098982
1.979905
3.658203
1.126869
1.743895
1.079728
1.258801
2.220978
2.087199
2.312873
2.494581
6.010054
0.4357077
12.10546
2.308399
1.014985
0.2797975
3.173744
0.9443412
1.674153
0.2456775
1.46145
0.631369
1.836464
2.467263
0.3977675
4.230834
0.4276688
0.5738356
2.478096
1.263038
0.2736389
1.977377
4.149176
0.6434257
3.22068
1.083575
2.611901
1.862102
4.139879
7.365324
1.576304
0.7243691
2.118234
6.071773
2.775803
1.371353
3.80123
3.116494
1.337722
1.592755
2.296486
15.70552
1.185243
0.6325393
1.516715
0.7913507
2.02662
0.7231812
5.911554
0.5226852
3.0968
0.8440225
1.999817
0.3815819
7.207792
2.07109
8.605105
0.7388518
2.157954
2.420762
4.745761
7.831679
0.6077421
3.869559
0.4094573
10.45807
2.914015
1.394985
2.121495
2.4709
1.217796
3.437928
0.2448588
2.266816
1.032651
0.7224457
0.931371
3.469186
0.3336685
9.508832
4.309748
2.378845
0.6679904
1.171924
16.15861
0.3088074
0.6377074
0.8410067
1.128091
1.181094
4.542773
0.7135748
0.6950397
6.255509
9.440311
0.4871826
0.6608216
10.15914
0.7272809
3.198119
1.546596
6.53177
2.662976
1.294232
2.983975
0.7296597
0.4622808
1.123484
1.509027
0.2621651
2.825225
3.450987
1.752162
0.3273494
4.366998
1.105765
1.415533
0.2742784
14.22186
0.819658
6.976686
2.445877
0.5862479
0.9510617
3.239277
0.4585842
2.069309
3.501259
5.357004
4.410049
7.478955
0.3763632
2.35589
1.519134
3.236712
2.093263
5.592634
0.6193258
2.04684
4.528631
5.810038
2.883373
3.832855
7.960363
0.7208943
4.025493
3.197244
0.5711274
2.87015
1.374632
0.8656331
1.179728
1.120166
2.846457
4.845259
1.020611
0.8910413
1.021698
1.015744
9.280755
11.40232
0.6055673
4.020439
5.853325
3.181352
8.622372
7.809098
0.2091815
5.351384
0.7411608
0.05603922
2.169262
0.532515
2.588221
4.249243
0.8230561
0.9374993
1.738374
0.42526
0.9521703
7.144322
2.070605
0.8731591
1.115608
2.415512
0.8793603
0.3706837
3.515156
4.571572
5.89466
1.142443
2.954444
1.26726
0.7684445
8.27148
5.949842
12.2769
0.8951269
1.076902
0.1166372
0.1954276
1.133773
0.6452573
2.605768
2.126521
1.592729
12.19364
2.325395
0.6906645
2.508295
0.7544386
1.673097
21.00914
1.687714
5.886797
0.2547976
14.4207
10.07217
8.6608
5.220806
1.148551
1.238594
0.3652874
0.5097432
2.287974
2.239565
5.677201
2.164669
1.141048
3.206643
1.907036
1.65138
1.586197
0.8836371
4.773797
4.259944
5.232234
2.41002
0.3728438
0.4815453
1.14765
1.048881
4.985578
3.669609
3.082481
2.791488
0.8009837
6.044467
2.531221
3.357393
0.8561608
0.6156613
1.726824
0.8819531
0.5966069
0.9167262
7.327439
5.039505
4.989297
1.948809
1.531356
5.580861
9.425364
3.193015
2.379085
12.27189
0.4481322
1.914587
1.24771
1.459698
1.00426
0.9154979
3.109162
8.440969
0.7829816
0.8256143
1.906068
2.927569
8.270447
4.51573
2.10179
1.557218
0.8638977
0.7319751
5.503204
2.874443
0.6298575
25.84444
2.967827
6.606879
11.92821
0.5426658
0.8206226
8.228111
1.539041
0.8715086
7.3191
2.334481
5.079905
0.5354762
2.670939
1.577408
1.524003
5.186095
1.34043
2.124631
0.593931
26.58989
1.99204
1.463606
2.023642
9.592611
2.790735
1.128235
12.61441
0.9924848
6.453607
7.381533
1.106565
2.440532
1.296308
0.4928218
5.224787
0.3129904
2.635285
1.173548
8.426064
3.8881
0.7301134
2.134644
1.696309
1.182485
6.832168
1.872653
1.27823
2.234668
0.3377347
2.029276
3.654346
0.2558807
1.139975
3.066321
2.321668
0.6753403
3.104204
1.992407
0.4365899
9.218193
4.985748
0.8025134
4.662289
5.65353
0.8233541
4.302237
7.626262
1.234019
2.026992
2.800132
0.1499744
0.8389881
0.5757518
0.3104465
3.007952
1.475803
0.7106319
1.798772
2.42197
1.079128
1.936948
5.482566
1.133433
2.719869
0.8569528
1.849443
5.382973
1.145248
16.67279
0.1220923
3.232593
1.69832
6.49471
1.489672
9.248317
4.438537
0.2194168
0.3279822
2.197703
0.9005825
0.2204909
2.929315
3.113094
1.308897
5.966546
0.744587
5.310698
4.258024
1.57735
1.205728
0.9970563
1.525314
4.642174
0.5422104
0.3573224
3.286501
2.250515
0.976218
1.273998
1.011449
1.880156
0.7681569
10.77705
2.3459
0.9905302
1.738568
3.224797
2.120546
0.4396708
4.513234
8.133832
0.8344435
0.4592569
5.276092
2.280777
2.99177
1.639027
0.7472359
3.259852
5.980284
2.14944
1.793317
1.347359
0.6680128
1.211104
0.4904961
0.5671679
0.2084186
0.2693721
7.574017
3.258642
1.379685
6.999991
1.634167
0.7883754
5.285246
15.51203
0.9244619
2.646489
0.5670332
3.31908
0.792955
0.7525997
0.8481913
3.12538
0.3580715
0.9447723
1.494401
1.381647
0.7156615
0.9278328
0.9732261
1.319414
0.8906975
1.507508
5.221039
2.435296
1.514161
0.8874709
0.3102624
1.492304
1.764001
1.696643
0.1019776
3.048505
4.50007
3.490216
0.8672093
2.369546
1.113514
8.332
0.5858511
3.606653
1.14355
0.9293037
2.482568
0.7849937
0.5644303
3.057857
2.727636
2.635422
2.15387
2.432121
3.508193
4.079034
0.91921
15.27559
0.7675946
4.782655
0.2527275
6.682818
4.47294
28.72994
0.1487778
2.517231
1.160384
0.6640112
2.135732
0.6095277
0.3584524
1.738342
0.2419551
2.289116
0.8309173
1.566487
2.859954
0.531447
4.085967
0.9354166
1.316708
0.243077
3.113062
12.7504
0.2615254
14.58076
1.013541
2.514017
2.204774
0.7195282
2.426804
5.859679
2.177071
0.3532458
5.459837
13.55849
0.7201373
3.129299
1.338535
0.5357348
0.3621788
2.467094
0.2988384
0.3726169
1.864192
21.06944
14.2154
2.890859
2.884521
1.509797
1.709286
0.8085211
7.066671
5.092721
0.4381895
2.914901
0.7319959
4.45485
8.94278
1.942186
1.721782
1.45335
1.708619
1.894736
1.376624
3.654094
1.06444
2.314534
0.5810553
0.8269453
1.507542
4.008304
0.9252462
3.042006
0.6539705
7.32103
1.996972
1.09816
0.9561601
2.116711
5.210885
3.523862
0.427925
2.845001
2.250731
2.866994
2.171044
0.5256612
3.572686
1.892862
10.41737
5.813296
2.896919
3.929618
0.9756922
0.6538334
0.8229225
3.267413
1.181646
0.7686601
1.753172
3.244904
3.144057
1.081144
3.655478
0.9936758
1.963564
1.458237
0.3596313
0.5915875
3.760672
0.4656434
0.7327569
0.3625944
2.994894
8.530431
1.020456
3.144984
8.4553
1.089787
1.645746
0.2166552
0.6674556
2.127154
13.38399
2.597446
4.151182
0.9682521
4.093372
1.521958
1.122634
0.6119209
3.825963
5.017617
1.381771
5.36273
0.354468
4.404045
0.685898
8.830822
18.52022
1.530056
1.335065
1.511998
1.96565
6.796778
2.552214
6.121527
4.183079
0.1342604
7.912827
1.514823
1.244254
0.2462774
0.7005797
0.8995833
3.1755
4.406425
6.605326
11.04226
0.4273835
1.286523
13.65074
1.435977
1.094268
2.51457
0.9948028
0.3317874
3.234121
1.872793
1.098981
4.57653
0.290734
0.2715424
1.42024
2.031581
0.6015695
0.8997113
0.4398245
0.3389009
0.7337089
1.800396
3.821026
2.030071
2.768119
1.503741
17.58894
0.2951984
1.227241
3.530103
1.651036
2.386603
1.576829
1.450952
1.297162
0.5864642
0.6035484
11.28785
0.6044436
0.8283115
0.7797024
2.455818
3.941941
0.4120619
3.795804
2.284803
1.54144
0.9735361
2.34203
0.4800172
1.24319
5.125041
2.762922
2.315124
4.399012
1.217972
2.175064
0.581737
0.6125042
5.18014
4.465148
9.266704
2.622167
1.300527
0.1436104
3.644488
1.986591
1.105405
1.257849
0.5780315
0.9498691
5.111114
0.3224689
1.708184
1.720039
0.846197
0.2126538
0.1628041
0.4940427
8.244103
0.9554343
1.56558
1.070667
1.07082
2.488642
0.6309342
5.47168
0.8094988
0.7485548
0.3094526
0.08015452
0.821938
3.818949
1.317973
1.278283
10.34146
3.187298
3.386382
2.463007
1.613191
2.489669
2.832291
2.371113
2.307055
2.942548
0.4696463
2.663163
12.60598
0.967431
0.2901024
0.4730274
1.238669
1.05649
0.2966207
0.5071071
0.9967934
1.690966
19.53472
3.242032
2.481276
1.229534
4.95203
1.515052
1.892776
9.568055
0.7150783
8.33657
0.3010218
0.9161883
0.4978109
0.9898254
1.003109
0.3777063
0.7571875
1.600774
1.595275
11.1309
0.5550761
0.9256514
0.7349227
0.2282188
1.882902
1.653076
3.628916
1.403782
0.4910774
1.32878
0.372797
3.098682
2.867966
7.639587
4.378589
1.648427
0.4106271
7.837862
0.3324364
3.80304
2.170535
1.771524
2.269966
2.293637
1.376259
1.871295
3.887929
0.599336
2.572069
2.204187
1.453323
0.6220162
2.646075
5.401986
4.375123
14.77861
1.167656
2.758711
1.041709
5.135816
3.315164
0.9573636
1.52006
1.663987
2.950782
5.77551
0.3862125
4.779249
5.50206
1.308484
2.152078
0.09903343
3.85214
1.486791
0.4085652
8.225205
6.281831
10.10867
1.316044
2.104436
3.237093
2.465564
2.65371
0.5789979
0.4896864
1.932643
5.91151
2.341612
0.7395919
2.047754
3.351854
0.4364271
1.59429
1.733948
1.039694
8.211123
1.140204
6.892066
1.907609
8.710319
2.74432
1.629872
2.045081
0.8911204
1.455946
7.058498
0.4876488
21.74669
13.12752
0.4147643
1.257701
2.887993
1.349878
1.819107
1.872795
2.060548
1.980625
0.6601261
4.880921
0.1901488
0.2768291
2.785854
2.814309
7.980961
0.934733
2.356768
7.273683
0.2169863
0.3073888
4.685019
2.265913
4.902493
7.178003
3.857934
0.2060917
4.48942
8.621295
1.635969
1.491244
3.532943
0.6609767
0.7564462
3.869572
2.792168
12.3874
3.033351
10.39959
1.655729
2.475494
3.173434
2.455326
20.42029
0.8037407
5.41729
8.217672
0.4162571
3.785214
4.736087
4.971237
1.370673
0.4641986
2.586942
5.921123
1.879966
4.169551
1.373035
1.641127
2.366899
0.7534007
1.888276
0.06761666
4.520682
0.5117836
1.842186
4.004871
1.556157
5.465218
7.294062
8.637549
2.729026
0.9350289
1.517897
2.670283
2.645523
1.360677
0.4626213
5.709587
1.173365
0.4912767
3.244207
1.091162
5.481475
8.392161
1.741973
3.166874
0.8427226
1.267307
0.7862729
1.569171
2.206481
2.415586
2.034169
0.6601251
1.331562
0.5954022
3.827793
2.864482
1.360967
0.6865781
0.7640137
0.4850648
1.354586
5.288171
2.639379
0.6638911
8.920343
7.645323
4.811339
1.761184
1.618358
0.9424728
7.722601
0.3799657
5.828699
1.838556
0.219175
2.547666
1.513479
0.9244029
1.446343
1.63045
0.9137209
0.2487982
5.86747
2.062904
0.3037626
1.225345
0.3362128
1.32244
1.611493
0.8877308
1.548011
1.049497
1.041567
5.821609
1.707687
3.665978
1.549988
2.60084
2.751668
3.330294
0.4674147
1.795509
2.497197
0.4411087
2.144843
0.8179282
8.237921
1.141622
0.6903666
0.8921428
1.860244
0.9686965
0.8190966
2.874441
0.2320707
1.816751
1.264627
2.434863
7.545757
0.7167726
0.7432771
3.236258
0.9373202
1.106102
0.6864072
5.378571
0.7602566
5.379053
1.182989
1.637325
0.4013691
0.9497095
1.801482
2.018711
2.144999
1.505003
0.7636399
0.4173578
0.9825725
21.3396
0.7865679
1.2954
2.223281
1.992005
0.8909898
4.923646
0.8790905
0.6105888
0.8026846
1.317943
0.6052048
0.266192
3.935975
0.7239234
4.629823
20.24514
0.6447381
1.723292
0.6485075
0.4445941
1.337619
1.052057
2.991093
0.346986
3.22856
1.282666
2.159979
0.3703916
2.119874
1.769239
0.5046043
15.61137
11.95167
0.2473473
0.4905472
1.130807
1.570131
5.440596
0.6902429
1.116717
1.511756
0.7686854
4.291971
1.182046
1.537192
4.59149
1.502257
3.768661
2.580594
2.478548
1.619448
3.302257
0.5062262
1.190851
3.532636
5.529244
1.392657
8.426593
7.472419
0.8785056
1.368462
1.157061
11.21305
2.529089
1.540748
2.064025
0.3278683
1.106948
1.818342
8.882418
0.1995526
0.5370298
1.44453
4.048371
9.963592
4.947253
0.2024857
6.605006
2.087785
1.32826
1.033469
4.314458
0.1110405
1.959112
4.061186
2.166122
3.310738
1.495199
0.690443
0.5800254
0.6883328
2.353725
1.498366
1.83392
4.328251
1.35997
1.484721
2.950332
4.364977
4.658873
1.632181
5.231229
0.5890038
4.43909
2.081169
5.143186
0.9064883
1.471691
0.5157828
1.074785
3.456384
20.00404
1.2392
0.7897215
0.2543262
2.216094
11.11699
1.677414
0.5932843
2.237199
2.433398
19.03461
3.168451
11.78054
1.421945
2.561389
9.864363
3.467131
0.4422263
2.268807
0.3560552
6.400436
0.6126705
6.783901
3.343158
0.8597408
1.596122
3.433087
1.096099
1.311971
1.667926
1.480098
0.4723579
3.684061
0.8959234
1.538105
5.385328
1.07603
0.9527896
2.537555
0.2072674
1.697531
3.568706
1.756191
0.9279302
1.116285
0.9559844
1.927334
0.8969576
2.582702
2.845481
1.507401
3.606084
2.853159
0.8334598
16.98831
0.02424628
1.905009
0.9870087
1.104656
1.67517
0.8028416
1.847776
0.9062187
18.15587
2.405632
0.9426698
0.5071326
0.3087042
1.655886
6.275627
4.278913
0.9558933
1.082969
0.4612293
7.983084
0.3882542
2.839807
0.7192436
3.30813
2.107689
0.1514659
0.6100504
2.70255
3.698082
0.6121816
0.3018183
1.873495
4.172868
0.8310723
2.440717
0.585738
4.062668
4.31836
4.939201
3.703873
0.9314834
1.200147
0.2375668
8.659891
1.631213
2.217405
2.866752
1.582905
0.2966925
1.556126
1.211285
6.165578
2.501739
4.517066
13.79174
3.178058
2.196509
0.85885
2.023665
4.093693
2.080894
1.101631
0.6760874
2.985524
12.56706
0.210575
0.7876899
0.3969951
0.7292685
2.278502
0.4071756
4.139192
0.4090728
0.8656707
1.072761
2.568119
1.217654
0.6669052
2.169096
4.242002
0.6618371
1.425457
0.5252367
2.961536
4.787914
0.6030458
2.764973
2.812282
0.6563095
1.876601
0.3006307
1.27662
4.991713
1.773599
1.682695
2.182568
1.039911
1.156612
2.140634
16.84718
30.60818
3.0422
0.9499219
1.401168
0.1958271
6.578275
6.684375
5.693906
9.041587
0.7025303
3.783655
0.6102922
6.5442
3.984479
0.1518459
2.421919
0.5963735
4.46462
0.2591572
3.833435
2.169569
3.440745
0.2588849
1.163535
5.375192
6.5606
0.745346
6.899931
5.691972
0.435093
2.789212
0.8635265
4.727167
6.535245
1.295688
0.2643862
1.058839
1.872834
0.8953091
5.293888
1.152669
0.587025
8.218679
1.429534
0.6254049
4.250587
2.434466
1.082786
3.81212
1.040411
5.114407
0.248396
9.867936
0.810314
7.507005
1.281327
2.6495
3.855313
1.271067
4.346982
0.4500728
0.3380153
2.569637
4.380291
1.945197
2.234469
3.45931
8.459426
1.255576
2.410808
0.6518889
7.676267
3.079169
11.11852
3.039136
1.419725
0.4169254
2.41931
3.30628
1.246097
1.593481
1.923672
8.354998
1.815774
0.7763286
6.45275
1.92592
3.312978
1.364054
2.084116
1.665574
1.931658
3.123647
2.48956
5.87294
1.755293
0.9738552
1.664148
0.5497815
0.2715854
0.9200875
2.194143
4.94368
2.9543
2.805179
0.6048868
2.798469
0.5405813
7.425919
0.8780249
4.086771
4.08023
1.748002
4.226526
1.174609
5.243235
1.391869
4.451641
1.208991
0.4363141
0.3823839
0.4419587
15.1187
0.3444808
0.9484732
0.5662032
0.3362702
1.139786
2.910703
0.9260335
4.808166
2.560833
1.613438
0.6639663
4.359246
5.21821
1.646948
4.673435
4.649235
0.3440293
2.70552
1.480778
2.382387
1.644031
1.271091
0.3838629
5.777699
1.942599
1.797792
7.320555
1.353436
0.8164815
9.985971
7.020738
1.764149
1.350749
2.052026
0.4334547
6.735956
3.404977
1.917223
0.6172702
0.7031523
1.246661
1.483661
1.730671
2.124239
2.901183
0.5927216
3.422431
8.382736
3.066689
1.202395
2.011165
0.9859253
6.47989
2.346105
0.8507372
5.265313
0.1143445
4.01772
1.281135
2.5642
2.279205
0.6910137
0.7969877
8.522239
1.633501
6.352
2.997624
0.6877203
2.993864
5.516112
2.428364
1.928074
1.118135
1.079544
1.710534
0.1454535
0.7488367
0.358378
2.295918
0.7339339
2.93859
2.169561
1.340301
1.483238
2.073985
2.055231
2.969401
5.313964
0.5181001
2.120507
7.032186
4.314869
1.750193
2.346755
4.39628
4.382704
2.043222
1.447597
1.484234
0.1628046
0.5459776
21.32208
1.904551
14.08799
0.7497133
1.844452
2.110186
0.9420791
1.664953
0.9497756
2.010355
1.284003
0.6431592
3.001818
3.609905
0.9457608
1.772151
1.562674
3.230326
1.667786
12.64952
1.615602
0.8343888
1.724231
0.6573176
2.587469
19.1569
6.357296
0.7067069
2.636265
1.617149
9.393215
0.3337015
5.408786
1.630855
3.384555
0.6567302
2.815769
1.091455
8.535242
0.6398956
2.598633
2.08861
3.071006
2.19061
1.781106
4.335955
1.252642
1.676247
1.090109
0.5514239
3.777836
0.6158006
1.319305
3.068794
0.9771842
2.253686
1.458733
1.497463
1.175478
0.8744902
0.3290813
36.41731
1.188985
3.449084
0.9068476
2.64015
2.158224
4.601524
0.2792663
2.450854
5.119088
10.63795
1.28181
1.978524
4.741057
0.3499105
9.810418
2.485849
0.3419747
0.8843685
9.970424
1.853319
0.7604476
1.668994
0.5622299
1.674739
3.27781
15.24017
0.683564
1.611337
3.271531
1.255238
2.429425
2.168086
0.2599356
0.9946273
0.4319078
1.685494
0.8157701
0.6241832
1.065162
5.43627
0.9659555
0.705472
2.103384
2.033161
1.530069
0.9926773
1.366156
1.182972
1.282981
0.3585355
2.931077
8.502405
2.415073
0.7950199
0.234102
1.661809
8.145231
3.968951
3.409549
0.3813325
0.1756332
1.39714
0.6024291
0.9936076
5.181554
0.5247033
0.2827808
0.6870862
12.28615
1.476658
3.304373
0.4233797
1.788999
6.22853
7.388537
3.2599
1.354095
1.700508
3.884008
0.8720821
0.4507412
3.810894
0.9949962
2.105667
2.032483
5.746287
2.448613
2.50755
3.527118
1.754965
3.603367
1.855011
13.14194
0.9178438
2.481964
0.99347
2.578654
0.818651
0.2577366
4.845116
4.558529
1.249085
3.134236
1.542934
0.5653808
2.612219
1.064476
0.7071012
0.8547621
2.310359
0.8563758
2.880315
1.440833
1.410608
0.8123395
0.6049137
3.567319
0.8798789
5.985242
0.4822673
8.783678
3.045436
1.092016
5.294196
0.522062
0.5918918
1.070668
1.139918
0.4924833
0.7017627
3.830899
3.734541
0.762268
1.73999
0.6743824
1.544391
2.439961
7.281424
0.2587473
4.561867
3.286664
2.462368
9.894467
1.109328
4.210704
4.392903
1.777838
1.677745
0.5490609
38.71262
1.042135
1.915131
0.5083338
1.92559
2.121516
0.6779753
1.373092
1.996075
0.8876588
2.643701
0.8225446
5.70068
0.6132799
0.8418978
0.5729582
0.3800852
2.528773
1.647901
2.847949
1.11382
0.7837503
0.6639177
2.19154
0.3926662
0.5430937
1.671458
2.270557
0.9035387
1.435252
1.986736
0.5986071
2.572602
3.093007
7.709899
1.475893
0.7427254
1.061302
0.2219928
1.025436
0.2116716
0.1153293
1.79934
1.573625
14.04066
23.34572
4.141519
0.9549944
2.834738
4.041943
1.178286
2.382919
0.4660207
0.7646614
0.6163175
1.030621
2.572871
7.087618
7.506037
9.957535
2.734745
4.409055
2.864475
1.064817
3.826799
0.7349413
2.220866
2.298301
0.9911253
3.882418
5.591701
1.646289
2.141069
0.4889463
11.23674
13.36578
1.349864
2.509946
4.584322
2.828025
12.70998
0.3433667
1.719363
3.851116
0.5006199
1.985075
2.968145
6.532514
2.466621
1.162899
0.5613501
0.4831701
0.6855848
7.549144
1.417866
0.6786535
0.3891543
13.81179
1.347655
2.567953
1.434447
1.985774
0.3466207
3.004107
1.430918
1.078691
1.66024
0.8521969
2.077675
2.088211
0.9844094
1.393996
0.3972878
3.13592
1.36463
0.9700131
1.647194
0.8500989
3.444342
3.930429
0.08555566
0.3379236
0.643531
0.6300383
2.943635
2.798923
1.073536
0.8584198
1.823648
1.851045
0.4780957
0.2016702
6.37355
1.541856
0.9377879
1.031124
2.190025
3.025087
2.708608
3.220758
0.801584
0.9503614
